-1.849586007697958223e+00 -9.088657403733506612e-01 -1.000000000000000000e+00
-4.195776874533658329e+00 -3.093436599993131697e+00 -1.000000000000000000e+00
3.560420588978202350e+00 -8.708399948860190420e-04 1.000000000000000000e+00
-2.554146754460420610e+00 -1.112354645540907017e+00 -1.000000000000000000e+00
2.831457421543908115e+00 7.253720464340818186e-01 1.000000000000000000e+00
-1.493893214129089042e+00 -2.474560889200563274e+00 -1.000000000000000000e+00
-2.281275011513399065e+00 -1.623625276711163412e+00 -1.000000000000000000e+00
-4.644084956998050018e+00 -4.992615996090459252e-01 -1.000000000000000000e+00
3.883820243479576106e+00 8.262823836141306444e-01 1.000000000000000000e+00
9.362424718288875347e-01 2.989859539648061393e+00 1.000000000000000000e+00
-2.922207932720234158e+00 -5.191758934534607128e-03 -1.000000000000000000e+00
2.127960140945129641e+00 1.256611655866566757e+00 1.000000000000000000e+00
-1.795097066886379711e+00 -8.379678151954272902e-01 -1.000000000000000000e+00
-1.406850234937036870e+00 2.503786475803497780e-01 -1.000000000000000000e+00
3.355823771097027119e+00 -2.658216140756493040e-01 1.000000000000000000e+00
-3.501713621821154643e+00 -1.080595108587843578e+00 -1.000000000000000000e+00
2.150795352652084880e+00 7.808696140591977475e-01 1.000000000000000000e+00
-1.898495850733040502e+00 -3.372151144321746674e+00 -1.000000000000000000e+00
4.282793142857140190e+00 1.731527312684641995e+00 1.000000000000000000e+00
5.241152760182025361e+00 -1.626781479345220660e-01 1.000000000000000000e+00
4.300061638592891811e+00 2.910016465404794861e+00 1.000000000000000000e+00
-4.150234493729644036e+00 -3.674633377884687357e-01 -1.000000000000000000e+00
2.291018896484047662e+00 3.110083423193776397e+00 1.000000000000000000e+00
-4.842736781244973088e+00 -3.629350967909271919e+00 -1.000000000000000000e+00
1.575808368947405835e+00 -5.359213985581101625e-02 1.000000000000000000e+00
2.937995380627020925e+00 1.529530506613975271e+00 1.000000000000000000e+00
3.736619810778360584e+00 1.952874054449272645e+00 1.000000000000000000e+00
-2.152359835473065530e+00 -2.072704275327220680e-01 -1.000000000000000000e+00
-2.670792700309162271e+00 -2.337434443603304768e+00 -1.000000000000000000e+00
3.214935233627800759e+00 9.940779691115440020e-01 1.000000000000000000e+00
2.742950255488375788e+00 3.177616226016025003e+00 1.000000000000000000e+00
-1.108022502713207125e+00 -6.049948218085933194e-01 -1.000000000000000000e+00
-3.230611335579887111e+00 4.164826403565449198e-01 -1.000000000000000000e+00
-3.173195432311367803e+00 -1.426119899370568822e+00 -1.000000000000000000e+00
1.431668153927561749e+00 -3.117782238561601638e-01 1.000000000000000000e+00
2.463011457431415252e+00 2.816466934523087495e-01 1.000000000000000000e+00
1.628422900230394266e+00 2.046230147190023274e+00 1.000000000000000000e+00
2.367778777512695498e+00 -3.105382900623552267e-01 1.000000000000000000e+00
-4.251531024734246600e+00 -1.398101436528474295e+00 -1.000000000000000000e+00
2.832248207904255022e+00 8.013335265832297605e-01 1.000000000000000000e+00
-3.602975086837798102e+00 -2.428011338735946101e+00 -1.000000000000000000e+00
3.370903787878543056e+00 5.502507705563762563e+00 1.000000000000000000e+00
2.690653005911920914e+00 5.070072079482093486e+00 1.000000000000000000e+00
2.302843462554178711e+00 1.150230302880394184e+00 1.000000000000000000e+00
1.958780658991041035e+00 2.279919237259146136e+00 1.000000000000000000e+00
-3.732989910696892455e+00 -1.558454005903666229e+00 -1.000000000000000000e+00
-1.235098005001517896e+00 -6.474266225433348287e-01 -1.000000000000000000e+00
-2.642417829265856444e+00 -6.913755433701400666e-01 -1.000000000000000000e+00
1.561245388259280276e-01 1.052082128437728414e+00 1.000000000000000000e+00
-5.743295073021037922e+00 6.698612166980695282e-01 -1.000000000000000000e+00
-2.688610709249882103e+00 -1.715561739687752940e+00 -1.000000000000000000e+00
4.144469971864499946e+00 2.981244660132778002e+00 1.000000000000000000e+00
-2.364511774028379421e+00 -1.273576178309032247e+00 -1.000000000000000000e+00
4.060284652357997182e+00 3.323988796813213575e+00 1.000000000000000000e+00
1.972844210075362259e+00 2.071549743538623201e+00 1.000000000000000000e+00
-2.068302723881733307e+00 -3.198680466925186039e+00 -1.000000000000000000e+00
3.822341507491493928e+00 9.385984107725380277e-01 1.000000000000000000e+00
-3.261578825953602490e+00 -2.326721669590735786e+00 -1.000000000000000000e+00
-3.240723166583687753e+00 5.991849018808812488e-01 -1.000000000000000000e+00
-1.884942710942677069e+00 2.833756202153105974e-01 -1.000000000000000000e+00
5.159369155562778531e+00 2.065905931043648724e+00 1.000000000000000000e+00
-1.007482001004755823e-01 1.101820183397561603e+00 -1.000000000000000000e+00
2.901400433559864211e+00 3.430955279167464234e+00 1.000000000000000000e+00
-6.020655422425893022e+00 5.281921191146063954e-01 -1.000000000000000000e+00
-6.344098220310208092e-01 -3.632399523947797970e+00 -1.000000000000000000e+00
-3.111319997632299827e+00 -4.077483741595914424e+00 -1.000000000000000000e+00
3.475341332529324756e+00 3.847284448012339375e+00 1.000000000000000000e+00
-2.904492462847736878e+00 5.934545330073399683e-01 -1.000000000000000000e+00
4.109137058297394063e+00 3.627770197281787734e-01 1.000000000000000000e+00
-4.697048747164720872e+00 -2.940598963319899006e+00 -1.000000000000000000e+00
3.252715568715597971e+00 3.496101011799304104e+00 1.000000000000000000e+00
4.492923433980631209e-01 1.819833804574598979e+00 1.000000000000000000e+00
3.656087471861551030e+00 1.455535645282791890e+00 1.000000000000000000e+00
3.212349360770589968e+00 1.365995110485198616e-01 1.000000000000000000e+00
-1.905458441040531081e+00 -8.501008590360048522e-02 -1.000000000000000000e+00
2.581745515043681660e+00 2.400952994087122594e+00 1.000000000000000000e+00
-3.810518343965601407e+00 -1.860603157373147409e+00 -1.000000000000000000e+00
-7.661315754976256720e-01 -3.562465614293507610e+00 -1.000000000000000000e+00
4.937953770600842063e+00 1.316428918536289405e+00 1.000000000000000000e+00
-3.699180009768430644e+00 -3.605683188639148273e+00 -1.000000000000000000e+00
-3.363979794653168209e+00 -4.350280943690053803e+00 -1.000000000000000000e+00
-3.183778193174861215e+00 -1.164118992904597194e+00 -1.000000000000000000e+00
5.330078647917540380e+00 1.237253403734556167e+00 1.000000000000000000e+00
-1.294873714207240845e+00 -1.845733374856771913e+00 -1.000000000000000000e+00
3.480705913742574431e+00 1.078004695858475914e+00 1.000000000000000000e+00
2.263468876441649513e+00 3.222787348187799772e+00 1.000000000000000000e+00
2.377938686832072435e+00 1.277887701290880251e+00 1.000000000000000000e+00
2.909278034536453283e-01 -4.644851614593149547e-01 -1.000000000000000000e+00
2.939951431691163020e+00 1.966505629786306608e+00 1.000000000000000000e+00
2.878774358539867073e+00 1.496018314754152145e+00 1.000000000000000000e+00
-1.423869564152271394e-01 -2.295836509772848366e+00 -1.000000000000000000e+00
3.747820619578650536e+00 2.861415092117715719e+00 1.000000000000000000e+00
5.693192589063857056e+00 1.032214429986064497e+00 1.000000000000000000e+00
-2.418747811936821535e+00 1.371953857968807533e+00 -1.000000000000000000e+00
-3.672839254649879592e+00 -1.192303634267957380e+00 -1.000000000000000000e+00
-4.794491561647785893e+00 -2.956297737590571906e+00 -1.000000000000000000e+00
5.564838648298698232e+00 4.185247607004429327e+00 1.000000000000000000e+00
4.036617266698869777e+00 1.285809022386465328e+00 1.000000000000000000e+00
-2.045170721643001510e+00 1.380035048046624802e+00 -1.000000000000000000e+00
-5.876957881866449185e+00 8.153823423105788226e-01 -1.000000000000000000e+00
