-4.952133182692530333e+00 -1.165643691398689086e+01 1.000000000000000000e+00
6.261642299865267880e+00 -4.577754165559057675e+00 2.000000000000000000e+00
6.897965225611690343e+00 -6.021269669461456253e+00 2.000000000000000000e+00
1.903504406019004058e+00 9.015227769929275992e-01 0.000000000000000000e+00
1.092527768525074494e-01 3.291903441598853508e-03 0.000000000000000000e+00
4.969236193691214387e-01 1.228681938980996868e+00 0.000000000000000000e+00
4.549080067626649626e-01 -9.947411406366853948e-01 0.000000000000000000e+00
2.522635027179339851e+00 4.391622927851499547e-01 0.000000000000000000e+00
5.610234984229286681e+00 -6.010334690479388620e+00 2.000000000000000000e+00
-5.424912914846102829e-01 -3.947514938885923752e-01 0.000000000000000000e+00
9.493743691916552985e-01 5.385725424266483152e-01 0.000000000000000000e+00
1.479738389755943295e+00 1.114621761009750300e-01 0.000000000000000000e+00
7.795828804901519860e+00 -4.816003702770228045e+00 2.000000000000000000e+00
-3.839148875296465313e+00 -1.025929120068114564e+01 1.000000000000000000e+00
6.399472410257565080e+00 -5.889558676601189369e+00 2.000000000000000000e+00
9.180352554393034215e-01 -1.229772008373186454e+00 0.000000000000000000e+00
-6.307462674338923936e-01 9.145399777218179427e-01 0.000000000000000000e+00
6.071250764571392899e+00 -4.363014456067470626e+00 2.000000000000000000e+00
8.231769276725556805e-01 1.014429000139078552e+00 0.000000000000000000e+00
-5.380335554819772881e+00 -9.883304263987605864e+00 1.000000000000000000e+00
7.177515712735497821e+00 -6.400763363293746622e+00 2.000000000000000000e+00
3.802851529500337335e+00 -6.661027936476211053e+00 2.000000000000000000e+00
-6.588668176895533968e+00 -9.185591191372797226e+00 1.000000000000000000e+00
5.109468134416638385e+00 -5.388078652655572398e+00 2.000000000000000000e+00
3.843208619180881858e+00 -5.221963943422875509e+00 2.000000000000000000e+00
1.661236759659213025e+00 -2.485342486147812946e-01 0.000000000000000000e+00
9.660158226948468707e-01 4.504550440143301193e-01 0.000000000000000000e+00
-3.951084449337251669e+00 -1.276195569649527073e+01 1.000000000000000000e+00
5.206151803421478874e+00 -6.092738311356589165e+00 2.000000000000000000e+00
6.619814396926533284e+00 -6.158021889075627975e+00 2.000000000000000000e+00
6.506907627100952496e+00 -5.341306800487271467e+00 2.000000000000000000e+00
7.024453212878971620e+00 -6.101756810160830824e+00 2.000000000000000000e+00
-4.521617718586945500e+00 -9.699361802796849119e+00 1.000000000000000000e+00
7.133550545539750765e-01 -6.329469428288667654e-01 0.000000000000000000e+00
-4.414053970461560894e+00 -9.195859250947689745e+00 1.000000000000000000e+00
8.423361715133239613e+00 -6.471921857893781826e+00 2.000000000000000000e+00
4.743449630680857787e+00 -4.695307917452091750e+00 2.000000000000000000e+00
-2.325287806339065177e+00 -9.622640135897349012e+00 1.000000000000000000e+00
4.888094348265315858e+00 -4.003980074390224075e+00 2.000000000000000000e+00
-2.710046472061565570e+00 -1.052457021263105830e+01 1.000000000000000000e+00
4.400314032311213985e+00 -7.093679971402327311e+00 2.000000000000000000e+00
-2.623971390575349893e+00 -8.164997458295591315e+00 1.000000000000000000e+00
-4.482866162955163603e+00 -9.043577646731312925e+00 1.000000000000000000e+00
5.843172409159214098e+00 -3.734899038476783062e+00 2.000000000000000000e+00
6.313038577144005625e-01 -1.810643911581774623e-02 0.000000000000000000e+00
-6.095593494463265927e+00 -9.980947896453992385e+00 1.000000000000000000e+00
-3.238469391413487219e+00 -9.843734637437927759e+00 1.000000000000000000e+00
8.130858815764309355e+00 -4.853534589161597523e+00 2.000000000000000000e+00
-4.009633085482619208e+00 -1.068110627628543341e+01 1.000000000000000000e+00
1.844054868339640940e+00 -5.854906940509272406e-01 0.000000000000000000e+00
-2.599227126628091078e+00 -9.044065088225709204e+00 1.000000000000000000e+00
2.536913248478573024e+00 -9.611218582358308504e-01 0.000000000000000000e+00
-4.487843478137993003e+00 -1.059849185046807740e+01 1.000000000000000000e+00
5.294841323870241645e+00 -6.226072961398092076e+00 2.000000000000000000e+00
-3.037498534873182443e+00 -1.160944195948765589e+01 1.000000000000000000e+00
2.386540832586928396e+00 -2.651706454509542010e-01 0.000000000000000000e+00
-4.662102987904757079e+00 -1.065089327001868647e+01 1.000000000000000000e+00
-5.831549048796857093e+00 -8.869922572830029495e+00 1.000000000000000000e+00
-2.507376674175201270e+00 -9.421885582055152142e+00 1.000000000000000000e+00
6.336974989695924876e+00 -3.842087458418570023e+00 2.000000000000000000e+00
1.324549982774911649e+00 -1.400309071405716921e+00 0.000000000000000000e+00
8.301203425381211698e-01 -1.047861325915381059e+00 0.000000000000000000e+00
5.971499269589259029e+00 -6.503399245259604555e+00 2.000000000000000000e+00
-5.136235304496944210e+00 -9.400567430128869972e+00 1.000000000000000000e+00
2.007292143013258201e+00 7.061660888047939233e-01 0.000000000000000000e+00
5.918667754627787048e+00 -7.209009946595212881e+00 2.000000000000000000e+00
1.457115479022612181e+00 1.024388769969410695e-01 0.000000000000000000e+00
6.978615378964091676e+00 -5.007659224672134535e+00 2.000000000000000000e+00
1.096369426707903827e-01 -2.074357512542047921e+00 0.000000000000000000e+00
6.697587736300191885e+00 -6.249317632843961690e+00 2.000000000000000000e+00
2.624226289246884392e+00 -6.247438483766609707e-01 0.000000000000000000e+00
6.752793598852577794e-01 -7.622652642080203211e-01 0.000000000000000000e+00
-2.837239293009156782e+00 -8.554825945757242422e+00 1.000000000000000000e+00
-3.804732750180919165e+00 -8.879834509987052371e+00 1.000000000000000000e+00
-4.319250877035965885e+00 -1.054383921315645622e+01 1.000000000000000000e+00
5.639863920811335696e+00 -6.158454019836797855e+00 2.000000000000000000e+00
2.876111084079666647e+00 1.085641369655112598e-01 0.000000000000000000e+00
1.268133934505772720e+00 7.438281677483928878e-01 0.000000000000000000e+00
-2.129195598887549057e+00 -8.730258062809362229e+00 1.000000000000000000e+00
-3.481469417210457884e+00 -8.455088962106644956e+00 1.000000000000000000e+00
1.248072634918217627e+00 1.378600113292185181e-01 0.000000000000000000e+00
-6.545705639448493596e-01 -1.719507238583022568e+00 0.000000000000000000e+00
1.180011564059254559e+00 -5.536444123067736367e-01 0.000000000000000000e+00
-4.457831399293189278e+00 -1.034406895652257319e+01 1.000000000000000000e+00
1.900868242618561688e+00 1.455726022387239249e+00 0.000000000000000000e+00
-3.593345094576021026e+00 -1.015524070959418168e+01 1.000000000000000000e+00
-2.085787417704841218e+00 -1.068146107263478584e+01 1.000000000000000000e+00
5.578345258215515301e+00 -5.475124583891484598e+00 2.000000000000000000e+00
5.170286735295778868e+00 -5.950251644469091161e+00 2.000000000000000000e+00
1.637110273842900643e+00 1.999133094622957518e+00 0.000000000000000000e+00
-3.766259760088037645e+00 -9.559501076057699720e+00 1.000000000000000000e+00
-3.306572608260472279e+00 -1.272641309659621456e+01 1.000000000000000000e+00
1.915370525297033222e+00 8.685245935215120117e-01 0.000000000000000000e+00
6.220551809250133957e+00 -6.522485995606819742e+00 2.000000000000000000e+00
-3.614941782418524152e+00 -9.663046685693782223e+00 1.000000000000000000e+00
1.122927187527837711e+00 2.062699243628592360e-01 0.000000000000000000e+00
6.601555813218153546e+00 -4.061946580081320590e+00 2.000000000000000000e+00
-3.753543202355423158e+00 -9.313375961884460708e+00 1.000000000000000000e+00
4.348187020190407814e+00 -4.955653127422829485e+00 2.000000000000000000e+00
6.172317058186857608e+00 -6.886405298693333066e+00 2.000000000000000000e+00
