9.433627474454993056e-01 -5.364274640225522583e-01 1.000000000000000000e+00
-4.141994279852890398e-02 5.038171796515397149e-01 1.000000000000000000e+00
2.049237513373785013e+00 1.193516204077475357e-01 1.000000000000000000e+00
6.916448033132094331e-01 -4.728258390913274156e-01 1.000000000000000000e+00
1.642819946772072770e+00 -2.157024387355721828e-01 1.000000000000000000e+00
-2.788338370417388079e-01 8.963802323866706390e-01 -1.000000000000000000e+00
7.124777290431615340e-01 7.145202070618291712e-01 -1.000000000000000000e+00
5.741573290020679510e-01 -3.066395968171843900e-01 1.000000000000000000e+00
1.251232699005225546e-01 2.197896931546108878e-02 1.000000000000000000e+00
4.647626707223058429e-02 1.994705381084272977e-01 1.000000000000000000e+00
1.996283575992899628e+00 4.834656411609529469e-02 1.000000000000000000e+00
1.520997088676654840e+00 -4.460902372689427575e-01 1.000000000000000000e+00
1.212535591388086142e-01 1.012955254181077680e-01 1.000000000000000000e+00
-5.027114248613988590e-01 7.707951615078602048e-01 -1.000000000000000000e+00
1.824337450060858346e-01 1.035799121718150140e+00 -1.000000000000000000e+00
1.011452001624436603e+00 3.063814824919929292e-01 -1.000000000000000000e+00
-6.947719209394370710e-01 6.841840616527261609e-01 -1.000000000000000000e+00
-6.041775133023652433e-01 8.283265857955536271e-01 -1.000000000000000000e+00
-2.043836716733059278e-01 9.570807074143312665e-01 -1.000000000000000000e+00
1.471011600275406561e+00 -2.962049482195975303e-01 1.000000000000000000e+00
4.777029707793195024e-01 7.779418425371673607e-01 -1.000000000000000000e+00
5.512861772239444069e-02 9.262704998605011397e-01 -1.000000000000000000e+00
1.501040178074803721e+00 -3.472369718347702583e-01 1.000000000000000000e+00
1.710370126250150558e-02 1.026510492017922660e+00 -1.000000000000000000e+00
-9.219294637888690858e-01 2.490614996512054424e-01 -1.000000000000000000e+00
1.961272257545934705e+00 1.828407716095932223e-01 1.000000000000000000e+00
-9.391087787391716457e-01 3.871526759228733905e-01 -1.000000000000000000e+00
1.023540046117316527e+00 2.706449478281234278e-01 -1.000000000000000000e+00
-1.029942723202981858e+00 1.243640976644050655e-01 -1.000000000000000000e+00
2.585407992345810646e-01 -1.902440783265126611e-01 1.000000000000000000e+00
5.958619273612962564e-02 2.242317725411334950e-01 1.000000000000000000e+00
1.557692619910009402e+00 -2.822248212341448292e-01 1.000000000000000000e+00
1.868738863443426323e+00 -3.561431655810930186e-03 1.000000000000000000e+00
2.815785058517999984e-01 9.529273418161595677e-01 -1.000000000000000000e+00
-4.295260266320482523e-01 9.747742383336985839e-01 -1.000000000000000000e+00
1.045999208344444487e+00 -5.037357435159900421e-04 -1.000000000000000000e+00
3.711002223966984870e-01 9.649429924112350454e-01 -1.000000000000000000e+00
1.413891869321665329e+00 -4.068110431811243211e-01 1.000000000000000000e+00
1.949540840688807286e+00 3.929571735558437529e-01 1.000000000000000000e+00
-1.042248660687927320e+00 2.576791298004469342e-03 -1.000000000000000000e+00
7.929155304399624349e-01 -5.446580960097637814e-01 1.000000000000000000e+00
4.804825151916294890e-02 9.636955094384545006e-01 -1.000000000000000000e+00
-1.820141852967180340e-03 3.235638583113104594e-01 1.000000000000000000e+00
-4.377817361698049803e-01 9.511847034182688843e-01 -1.000000000000000000e+00
1.782818555910831992e-01 -1.129133871141041884e-01 1.000000000000000000e+00
-6.853721160525457767e-01 6.724293795570321919e-01 -1.000000000000000000e+00
-2.499826415415581926e-01 1.009450347949726323e+00 -1.000000000000000000e+00
-1.276282633076362971e-01 9.919846007967090262e-01 -1.000000000000000000e+00
7.920851708973640770e-01 -4.223189443943740073e-01 1.000000000000000000e+00
8.800246227499077811e-01 3.561539253069386790e-01 -1.000000000000000000e+00
6.512704696834695772e-01 -4.999158114731554470e-01 1.000000000000000000e+00
-1.002646117632317146e+00 6.516046195130908991e-02 -1.000000000000000000e+00
5.295911537359949961e-02 4.694281103276734535e-01 1.000000000000000000e+00
2.533644361549245438e-01 -2.427025559028782586e-01 1.000000000000000000e+00
7.694743163601017732e-01 6.520800232252415007e-01 -1.000000000000000000e+00
4.325819687928849633e-01 -3.341709497118744432e-01 1.000000000000000000e+00
8.774978137111351106e-01 -5.639664360578304780e-01 1.000000000000000000e+00
1.741415788534390607e+00 -2.717188637753557012e-01 1.000000000000000000e+00
6.972129631888187573e-01 -4.479113335093052872e-01 1.000000000000000000e+00
1.850887649231514276e+00 -8.133774581438130147e-02 1.000000000000000000e+00
9.475222831153612413e-01 2.263550348845626836e-01 -1.000000000000000000e+00
3.479588393392690771e-01 9.268782559758333983e-01 -1.000000000000000000e+00
1.750350586601831848e+00 -9.388262469256913878e-02 1.000000000000000000e+00
-3.393218412436210807e-02 1.135765883937209092e-01 1.000000000000000000e+00
7.500701411589389966e-01 7.310255845281677933e-01 -1.000000000000000000e+00
2.095756151113636001e+00 4.068467800050882821e-01 1.000000000000000000e+00
1.218026866696597210e+00 -4.437476121622613845e-01 1.000000000000000000e+00
6.737825174857541288e-01 8.214732222251834859e-01 -1.000000000000000000e+00
1.222386552505996482e+00 -4.451696914217137535e-01 1.000000000000000000e+00
1.667699294150884359e+00 -1.758680899266936715e-01 1.000000000000000000e+00
-7.741045418569917347e-01 7.347836580663569261e-01 -1.000000000000000000e+00
4.147272748217331051e-01 -3.363864342125325591e-01 1.000000000000000000e+00
7.484447473984695565e-01 6.988767464782171812e-01 -1.000000000000000000e+00
4.439443225592841213e-01 -2.428021932423390650e-01 1.000000000000000000e+00
1.834183023629357701e+00 3.899512223345269479e-02 1.000000000000000000e+00
9.438919393999021246e-01 6.753162990656477738e-02 -1.000000000000000000e+00
1.924802547250217710e+00 4.496413234763323996e-01 1.000000000000000000e+00
-8.453168167057217852e-01 4.195204101675688024e-01 -1.000000000000000000e+00
9.712804560489809447e-01 -4.184665785259726600e-02 -1.000000000000000000e+00
1.602648078773236673e-01 9.788449774981793361e-01 -1.000000000000000000e+00
-1.028864683293794879e+00 2.080502861429159300e-01 -1.000000000000000000e+00
-7.710647165101307543e-01 5.888230621820951249e-01 -1.000000000000000000e+00
1.136324751089583529e+00 -4.867606536647156590e-01 1.000000000000000000e+00
-6.264391146098650109e-01 8.136461087206816600e-01 -1.000000000000000000e+00
4.805050886177466563e-01 8.012739907876911261e-01 -1.000000000000000000e+00
3.110251737031071717e-01 -1.867381186417685912e-01 1.000000000000000000e+00
8.233832368794805623e-01 4.778053166621444858e-01 -1.000000000000000000e+00
-8.646040173130962181e-01 5.709436770584600529e-01 -1.000000000000000000e+00
8.154127310793383154e-01 4.674203535549026900e-01 -1.000000000000000000e+00
2.057903081343024798e+00 1.882416258836830669e-01 1.000000000000000000e+00
2.739541965024672177e-02 3.254174095184108051e-01 1.000000000000000000e+00
2.391756475626698464e-01 -4.430593447350180542e-02 1.000000000000000000e+00
-5.163278809595404084e-01 9.532494621916747235e-01 -1.000000000000000000e+00
1.002427658296467960e+00 -4.762385828413642774e-01 1.000000000000000000e+00
1.035884522034008048e+00 -5.488367243999370260e-01 1.000000000000000000e+00
2.026098103514691662e+00 2.100936754529664774e-01 1.000000000000000000e+00
6.273811394438705280e-01 8.606086681701750063e-01 -1.000000000000000000e+00
-8.175627898971834506e-01 3.299623472468884988e-01 -1.000000000000000000e+00
-1.016881850345894511e+00 3.147679600635713282e-01 -1.000000000000000000e+00
8.683732741100654851e-01 3.870169284759909512e-01 -1.000000000000000000e+00
